0 618.063 1046.51 0
1 619.343 1045.98 0
2 619.37 1046.44 0
3 619.419 1046.76 0
4 619.508 1046.99 0
5 619.297 1046.85 0
6 619.027 1046.62 0
7 618.917 1046.56 0
8 618.97 1046.64 0
9 619.1 1046.83 0
10 618.836 1046.61 0
11 618.906 1046.71 0
12 618.854 1046.68 0
13 618.833 1046.68 0
14 618.812 1046.69 0
15 618.696 1046.58 0
16 618.738 1046.64 0
17 618.714 1046.65 0
18 618.65 1046.6 0
19 618.574 1046.54 0
20 618.583 1046.58 0
21 618.497 1046.51 0
22 618.469 1046.5 0
23 618.489 1046.54 0
24 618.49 1046.55 0
25 618.546 1046.63 0
26 618.622 1046.73 0
27 618.631 1046.75 0
28 618.602 1046.73 0
29 618.584 1046.72 0
30 618.565 1046.72 0
31 618.612 1046.78 0
32 618.667 1046.85 0
33 618.713 1046.92 0
34 618.726 1046.94 0
35 618.768 1047 0
36 618.714 1046.96 0
37 618.696 1046.96 0
38 618.734 1047.01 0
39 618.788 1047.07 0
40 618.804 1047.1 0
41 618.835 1047.13 0
42 618.869 1047.18 0
43 618.925 1047.24 0
44 618.929 1047.25 0
45 618.881 1047.2 0
46 618.849 1047.18 0
47 618.866 1047.2 0
48 618.853 1047.19 0
49 618.797 1047.14 0
50 618.767 1047.11 0
51 618.766 1047.12 0
52 618.767 1047.13 0
53 618.753 1047.12 0
54 618.716 1047.08 0
55 618.677 1047.04 0
56 618.682 1047.05 0
57 618.688 1047.06 0
58 618.68 1047.05 0
59 618.658 1047.03 0
60 618.649 1047.03 0
61 618.673 1047.06 0
62 618.667 1047.05 0
63 618.673 1047.06 0
64 618.678 1047.07 0
65 618.687 1047.08 0
66 618.687 1047.09 0
67 618.706 1047.11 0
68 618.723 1047.13 0
69 618.732 1047.14 0
70 618.725 1047.14 0
71 618.703 1047.11 0
72 618.696 1047.11 0
73 618.684 1047.1 0
74 618.669 1047.08 0
75 618.657 1047.07 0
76 618.673 1047.09 0
77 618.693 1047.12 0
78 618.705 1047.13 0
79 618.728 1047.16 0
80 618.721 1047.15 0
81 618.709 1047.14 0
82 618.723 1047.16 0
83 618.725 1047.16 0
84 618.727 1047.17 0
85 618.715 1047.15 0
86 618.702 1047.14 0
87 618.719 1047.16 0
88 618.722 1047.17 0
89 618.741 1047.19 0
90 618.744 1047.19 0
91 618.709 1047.16 0
92 618.705 1047.15 0
93 618.699 1047.15 0
94 618.702 1047.15 0
95 618.689 1047.14 0
96 618.688 1047.14 0
97 618.68 1047.13 0
98 618.668 1047.12 0
99 618.659 1047.11 0
100 618.645 1047.1 0
101 618.632 1047.08 0
102 618.618 1047.07 0
103 618.638 1047.09 0
104 618.643 1047.1 0
105 618.64 1047.09 0
106 618.638 1047.09 0
107 618.644 1047.1 0
108 618.649 1047.11 0
109 618.65 1047.11 0
110 618.644 1047.1 0
111 618.641 1047.1 0
112 618.636 1047.1 0
113 618.631 1047.09 0
114 618.633 1047.09 0
115 618.648 1047.11 0
116 618.666 1047.13 0
117 618.683 1047.15 0
118 618.675 1047.14 0
119 618.685 1047.15 0
120 618.711 1047.18 0
121 618.73 1047.2 0
122 618.732 1047.21 0
123 618.735 1047.21 0
124 618.741 1047.22 0
125 618.753 1047.23 0
126 618.779 1047.25 0
127 618.784 1047.26 0
128 618.798 1047.27 0
129 618.805 1047.28 0
130 618.798 1047.27 0
131 618.784 1047.26 0
132 618.776 1047.25 0
133 618.773 1047.25 0
134 618.766 1047.24 0
135 618.751 1047.23 0
136 618.741 1047.22 0
137 618.741 1047.22 0
138 618.764 1047.24 0
139 618.774 1047.25 0
140 618.786 1047.26 0
141 618.788 1047.26 0
142 618.79 1047.26 0
143 618.78 1047.25 0
144 618.776 1047.25 0
145 618.775 1047.25 0
146 618.78 1047.26 0
147 618.786 1047.26 0
148 618.803 1047.28 0
149 618.795 1047.27 0
150 618.794 1047.27 0
151 618.791 1047.27 0
152 618.794 1047.27 0
153 618.809 1047.29 0
154 618.806 1047.29 0
155 618.787 1047.27 0
156 618.783 1047.26 0
157 618.784 1047.26 0
158 618.789 1047.27 0
159 618.786 1047.27 0
160 618.779 1047.26 0
161 618.777 1047.26 0
162 618.779 1047.26 0
163 618.777 1047.26 0
164 618.788 1047.27 0
165 618.799 1047.28 0
166 618.794 1047.28 0
167 618.787 1047.27 0
168 618.787 1047.27 0
169 618.796 1047.28 0
170 618.802 1047.29 0
171 618.804 1047.29 0
172 618.802 1047.29 0
173 618.802 1047.29 0
174 618.807 1047.3 0
175 618.819 1047.31 0
176 618.825 1047.32 0
177 618.822 1047.31 0
178 618.829 1047.32 0
179 618.847 1047.33 0
180 618.853 1047.34 0
181 618.857 1047.34 0
182 618.86 1047.34 0
183 618.864 1047.35 0
184 618.866 1047.35 0
185 618.86 1047.35 0
186 618.857 1047.34 0
187 618.863 1047.35 0
188 618.86 1047.35 0
189 618.845 1047.33 0
190 618.841 1047.33 0
191 618.846 1047.33 0
192 618.848 1047.34 0
193 618.834 1047.32 0
194 618.818 1047.3 0
195 618.806 1047.29 0
196 618.808 1047.29 0
197 618.812 1047.3 0
198 618.83 1047.32 0
199 618.841 1047.33 0
200 618.848 1047.34 0
201 618.847 1047.34 0
202 618.845 1047.34 0
203 618.843 1047.33 0
204 618.842 1047.33 0
205 618.844 1047.33 0
206 618.846 1047.34 0
207 618.849 1047.34 0
208 618.849 1047.34 0
209 618.863 1047.34 0
210 618.862 1047.34 0
211 618.863 1047.35 0
212 618.857 1047.34 0
213 618.846 1047.33 0
214 618.842 1047.33 0
215 618.845 1047.33 0
216 618.848 1047.33 0
217 618.844 1047.33 0
218 618.84 1047.32 0
219 618.827 1047.31 0
220 618.823 1047.31 0
221 618.823 1047.31 0
222 618.819 1047.3 0
223 618.82 1047.3 0
224 618.822 1047.31 0
225 618.83 1047.32 0
226 618.838 1047.32 0
227 618.834 1047.32 0
228 618.838 1047.32 0
229 618.838 1047.33 0
230 618.842 1047.33 0
231 618.837 1047.32 0
232 618.824 1047.31 0
233 618.824 1047.31 0
234 618.831 1047.32 0
235 618.829 1047.32 0
236 618.83 1047.32 0
237 618.841 1047.33 0
238 618.85 1047.34 0
239 618.854 1047.34 0
240 618.848 1047.34 0
241 618.846 1047.34 0
242 618.847 1047.34 0
243 618.852 1047.34 0
244 618.851 1047.34 0
245 618.845 1047.34 0
246 618.843 1047.34 0
247 618.844 1047.34 0
248 618.846 1047.34 0
249 618.849 1047.34 0
250 618.851 1047.35 0
251 618.85 1047.34 0
252 618.85 1047.34 0
253 618.849 1047.34 0
254 618.849 1047.34 0
255 618.854 1047.35 0
256 618.854 1047.35 0
257 618.851 1047.35 0
258 618.847 1047.34 0
259 618.84 1047.34 0
260 618.833 1047.33 0
261 618.832 1047.33 0
262 618.829 1047.32 0
263 618.824 1047.32 0
264 618.818 1047.31 0
265 618.813 1047.31 0
266 618.807 1047.3 0
267 618.8 1047.3 0
268 618.793 1047.29 0
269 618.791 1047.29 0
270 618.793 1047.29 0
271 618.794 1047.29 0
272 618.796 1047.29 0
273 618.799 1047.29 0
274 618.802 1047.3 0
275 618.806 1047.3 0
276 618.808 1047.3 0
277 618.806 1047.3 0
278 618.806 1047.3 0
279 618.807 1047.3 0
280 618.81 1047.31 0
281 618.814 1047.31 0
282 618.815 1047.31 0
283 618.817 1047.32 0
284 618.819 1047.32 0
285 618.809 1047.31 0
286 618.808 1047.31 0
287 618.808 1047.31 0
288 618.809 1047.31 0
289 618.809 1047.31 0
290 618.809 1047.31 0
291 618.809 1047.31 0
292 618.809 1047.31 0
293 618.81 1047.31 0
294 618.811 1047.31 0
295 618.814 1047.32 0
296 618.816 1047.32 0
297 618.82 1047.32 0
298 618.824 1047.33 0
299 618.823 1047.33 0
300 618.817 1047.32 0
301 618.812 1047.32 0
302 618.805 1047.31 0
303 618.8 1047.31 0
304 618.801 1047.31 0
305 618.812 1047.31 0
306 618.819 1047.32 0
307 618.826 1047.32 0
308 618.832 1047.33 0
309 618.834 1047.33 0
310 618.839 1047.34 0
311 618.844 1047.34 0
312 618.845 1047.34 0
313 618.842 1047.34 0
314 618.837 1047.33 0
315 618.828 1047.32 0
316 618.833 1047.33 0
317 618.839 1047.34 0
318 618.845 1047.34 0
319 618.853 1047.35 0
320 618.854 1047.35 0
321 618.853 1047.35 0
322 618.854 1047.35 0
323 618.855 1047.35 0
324 618.852 1047.35 0
325 618.851 1047.35 0
326 618.849 1047.35 0
327 618.848 1047.35 0
328 618.846 1047.34 0
329 618.843 1047.34 0
330 618.83 1047.33 0
331 618.827 1047.32 0
332 618.831 1047.33 0
333 618.836 1047.33 0
334 618.843 1047.34 0
335 618.837 1047.34 0
336 618.828 1047.33 0
337 618.845 1047.34 0
338 618.858 1047.36 0
339 618.855 1047.35 0
340 618.849 1047.35 0
341 618.848 1047.35 0
342 618.847 1047.35 0
343 618.845 1047.35 0
344 618.838 1047.34 0
345 618.83 1047.33 0
346 618.837 1047.34 0
347 618.843 1047.34 0
348 618.834 1047.34 0
349 618.829 1047.33 0
350 618.83 1047.33 0
351 618.831 1047.33 0
352 618.83 1047.33 0
353 618.829 1047.33 0
354 618.832 1047.33 0
355 618.835 1047.34 0
356 618.831 1047.33 0
357 618.834 1047.34 0
358 618.842 1047.35 0
359 618.854 1047.36 0
360 618.855 1047.36 0
361 618.852 1047.36 0
362 618.848 1047.35 0
363 618.845 1047.35 0
364 618.844 1047.35 0
365 618.848 1047.35 0
366 618.85 1047.36 0
367 618.847 1047.35 0
368 618.854 1047.36 0
369 618.862 1047.37 0
370 618.876 1047.38 0
371 618.879 1047.39 0
372 618.88 1047.39 0
373 618.871 1047.38 0
374 618.864 1047.37 0
375 618.857 1047.36 0
376 618.848 1047.35 0
377 618.852 1047.36 0
378 618.862 1047.37 0
379 618.86 1047.37 0
380 618.86 1047.37 0
381 618.866 1047.37 0
382 618.868 1047.38 0
383 618.866 1047.37 0
384 618.868 1047.38 0
385 618.864 1047.37 0
386 618.852 1047.36 0
387 618.842 1047.35 0
388 618.837 1047.34 0
389 618.837 1047.34 0
390 618.835 1047.34 0
391 618.833 1047.34 0
392 618.83 1047.34 0
393 618.83 1047.34 0
394 618.833 1047.34 0
395 618.835 1047.34 0
396 618.835 1047.34 0
397 618.839 1047.35 0
398 618.847 1047.36 0
399 618.851 1047.36 0
400 618.857 1047.37 0
401 618.863 1047.37 0
402 618.859 1047.37 0
403 618.856 1047.37 0
404 618.853 1047.36 0
405 618.852 1047.36 0
406 618.851 1047.36 0
407 618.851 1047.36 0
408 618.851 1047.36 0
409 618.851 1047.37 0
410 618.853 1047.37 0
411 618.852 1047.37 0
412 618.843 1047.37 0
413 618.845 1047.36 0
414 618.848 1047.36 0
415 618.849 1047.36 0
416 618.85 1047.36 0
417 618.85 1047.36 0
418 618.85 1047.36 0
419 618.853 1047.36 0
420 618.856 1047.37 0
421 618.855 1047.36 0
422 618.852 1047.36 0
423 618.852 1047.36 0
424 618.849 1047.36 0
425 618.869 1047.38 0
426 618.876 1047.39 0
427 618.871 1047.38 0
428 618.877 1047.39 0
429 618.871 1047.38 0
430 618.87 1047.38 0
431 618.873 1047.38 0
432 618.873 1047.38 0
433 618.872 1047.38 0
434 618.869 1047.38 0
435 618.867 1047.38 0
436 618.869 1047.38 0
437 618.858 1047.37 0
438 618.849 1047.36 0
439 618.845 1047.35 0
440 618.849 1047.36 0
441 618.853 1047.36 0
442 618.852 1047.36 0
443 618.85 1047.36 0
444 618.859 1047.37 0
445 618.868 1047.38 0
446 618.875 1047.39 0
447 618.885 1047.4 0
448 618.889 1047.4 0
449 618.889 1047.4 0
450 618.884 1047.4 0
451 618.88 1047.39 0
452 618.872 1047.38 0
453 618.875 1047.38 0
454 618.883 1047.39 0
455 618.884 1047.39 0
456 618.885 1047.4 0
457 618.884 1047.39 0
458 618.884 1047.39 0
459 618.885 1047.39 0
460 618.892 1047.4 0
461 618.903 1047.41 0
462 618.904 1047.42 0
463 618.901 1047.41 0
464 618.899 1047.41 0
465 618.897 1047.41 0
466 618.896 1047.41 0
467 618.896 1047.41 0
468 618.901 1047.41 0
469 618.895 1047.41 0
470 618.885 1047.4 0
471 618.892 1047.4 0
472 618.899 1047.41 0
473 618.895 1047.41 0
474 618.896 1047.41 0
475 618.891 1047.4 0
476 618.876 1047.39 0
477 618.879 1047.39 0
478 618.885 1047.4 0
479 618.888 1047.4 0
480 618.893 1047.41 0
481 618.892 1047.4 0
482 618.892 1047.4 0
483 618.891 1047.4 0
484 618.888 1047.4 0
485 618.882 1047.39 0
486 618.88 1047.39 0
487 618.881 1047.39 0
488 618.881 1047.39 0
489 618.881 1047.39 0
490 618.873 1047.38 0
491 618.865 1047.37 0
492 618.862 1047.37 0
493 618.863 1047.37 0
494 618.868 1047.38 0
495 618.871 1047.38 0
496 618.874 1047.39 0
497 618.878 1047.39 0
498 618.883 1047.4 0
499 618.886 1047.4 0
500 618.881 1047.4 0
501 618.875 1047.39 0
502 618.867 1047.38 0
503 618.865 1047.38 0
504 618.856 1047.38 0
505 618.854 1047.38 0
506 618.857 1047.38 0
507 618.86 1047.38 0
508 618.862 1047.38 0
509 618.863 1047.38 0
510 618.865 1047.38 0
511 618.866 1047.38 0
512 618.868 1047.39 0
513 618.87 1047.39 0
514 618.872 1047.39 0
515 618.874 1047.39 0
516 618.875 1047.39 0
517 618.876 1047.39 0
518 618.878 1047.39 0
519 618.88 1047.4 0
520 618.884 1047.4 0
521 618.888 1047.4 0
522 618.891 1047.41 0
523 618.892 1047.41 0
524 618.893 1047.41 0
525 618.893 1047.41 0
526 618.894 1047.41 0
527 618.894 1047.41 0
528 618.895 1047.41 0
529 618.897 1047.41 0
530 618.899 1047.41 0
531 618.901 1047.42 0
532 618.905 1047.42 0
533 618.912 1047.43 0
534 618.915 1047.43 0
535 618.915 1047.43 0
536 618.91 1047.43 0
537 618.904 1047.42 0
538 618.898 1047.41 0
539 618.895 1047.41 0
540 618.896 1047.41 0
541 618.896 1047.41 0
542 618.895 1047.41 0
543 618.898 1047.41 0
544 618.901 1047.42 0
545 618.904 1047.42 0
546 618.903 1047.42 0
547 618.899 1047.42 0
548 618.896 1047.41 0
549 618.894 1047.41 0
550 618.893 1047.41 0
551 618.892 1047.41 0
552 618.891 1047.41 0
553 618.891 1047.41 0
554 618.892 1047.41 0
555 618.894 1047.41 0
556 618.897 1047.41 0
557 618.897 1047.41 0
558 618.893 1047.41 0
559 618.892 1047.41 0
560 618.892 1047.41 0
561 618.892 1047.41 0
562 618.893 1047.41 0
563 618.894 1047.41 0
564 618.894 1047.41 0
565 618.892 1047.4 0
566 618.884 1047.4 0
567 618.884 1047.4 0
568 618.884 1047.4 0
569 618.883 1047.4 0
570 618.879 1047.39 0
571 618.879 1047.39 0
572 618.886 1047.4 0
573 618.889 1047.4 0
574 618.892 1047.41 0
575 618.895 1047.41 0
576 618.898 1047.41 0
577 618.903 1047.42 0
578 618.909 1047.42 0
579 618.912 1047.43 0
580 618.909 1047.42 0
581 618.907 1047.42 0
582 618.904 1047.42 0
583 618.9 1047.41 0
584 618.895 1047.41 0
585 618.893 1047.41 0
586 618.894 1047.41 0
587 618.901 1047.41 0
588 618.909 1047.42 0
589 618.913 1047.43 0
590 618.91 1047.42 0
591 618.906 1047.42 0
592 618.898 1047.42 0
593 618.888 1047.41 0
594 618.889 1047.42 0
595 618.893 1047.42 0
596 618.892 1047.42 0
597 618.896 1047.42 0
598 618.898 1047.42 0
599 618.899 1047.42 0
600 618.901 1047.42 0
601 618.898 1047.42 0
602 618.894 1047.41 0
603 618.896 1047.42 0
604 618.904 1047.42 0
605 618.908 1047.43 0
606 618.906 1047.43 0
607 618.905 1047.43 0
608 618.905 1047.42 0
609 618.904 1047.42 0
610 618.904 1047.42 0
611 618.902 1047.42 0
612 618.902 1047.42 0
613 618.902 1047.42 0
614 618.904 1047.42 0
615 618.905 1047.42 0
616 618.906 1047.42 0
617 618.908 1047.43 0
618 618.912 1047.43 0
619 618.912 1047.43 0
620 618.909 1047.43 0
621 618.909 1047.43 0
622 618.907 1047.43 0
623 618.906 1047.42 0
624 618.905 1047.42 0
625 618.905 1047.42 0
626 618.905 1047.42 0
627 618.905 1047.42 0
628 618.902 1047.42 0
629 618.898 1047.41 0
630 618.894 1047.41 0
631 618.892 1047.41 0
632 618.891 1047.41 0
633 618.89 1047.4 0
634 618.888 1047.4 0
635 618.888 1047.4 0
636 618.889 1047.4 0
637 618.891 1047.41 0
638 618.892 1047.41 0
639 618.894 1047.41 0
640 618.894 1047.41 0
641 618.894 1047.41 0
642 618.896 1047.41 0
643 618.9 1047.42 0
644 618.902 1047.42 0
645 618.903 1047.42 0
646 618.904 1047.42 0
647 618.907 1047.42 0
648 618.909 1047.43 0
649 618.91 1047.43 0
650 618.908 1047.42 0
651 618.91 1047.43 0
652 618.913 1047.43 0
653 618.915 1047.43 0
654 618.916 1047.43 0
655 618.916 1047.43 0
656 618.917 1047.43 0
657 618.917 1047.43 0
658 618.918 1047.43 0
659 618.918 1047.43 0
660 618.916 1047.43 0
661 618.915 1047.43 0
662 618.915 1047.43 0
663 618.917 1047.43 0
664 618.919 1047.43 0
665 618.919 1047.43 0
666 618.918 1047.43 0
667 618.917 1047.43 0
668 618.916 1047.43 0
669 618.916 1047.43 0
670 618.915 1047.42 0
671 618.913 1047.42 0
672 618.91 1047.42 0
673 618.908 1047.42 0
674 618.899 1047.42 0
675 618.891 1047.41 0
676 618.886 1047.41 0
677 618.882 1047.4 0
678 618.88 1047.4 0
679 618.879 1047.4 0
680 618.879 1047.4 0
681 618.879 1047.4 0
682 618.88 1047.4 0
683 618.88 1047.4 0
684 618.88 1047.4 0
685 618.879 1047.4 0
686 618.873 1047.39 0
687 618.868 1047.39 0
688 618.868 1047.39 0
689 618.866 1047.38 0
690 618.865 1047.38 0
691 618.864 1047.38 0
692 618.863 1047.38 0
693 618.862 1047.38 0
694 618.86 1047.38 0
695 618.858 1047.37 0
696 618.858 1047.37 0
697 618.865 1047.38 0
698 618.873 1047.39 0
699 618.88 1047.4 0
700 618.887 1047.41 0
701 618.89 1047.41 0
702 618.891 1047.41 0
703 618.891 1047.41 0
704 618.89 1047.41 0
705 618.89 1047.41 0
706 618.889 1047.41 0
707 618.889 1047.41 0
708 618.888 1047.41 0
709 618.887 1047.41 0
710 618.886 1047.4 0
711 618.885 1047.4 0
712 618.884 1047.4 0
713 618.884 1047.4 0
714 618.883 1047.4 0
715 618.882 1047.4 0
716 618.882 1047.4 0
717 618.882 1047.4 0
718 618.882 1047.4 0
719 618.883 1047.4 0
720 618.884 1047.4 0
721 618.888 1047.4 0
722 618.892 1047.41 0
723 618.894 1047.41 0
724 618.892 1047.41 0
725 618.892 1047.41 0
726 618.89 1047.41 0
727 618.896 1047.41 0
728 618.9 1047.42 0
729 618.903 1047.42 0
730 618.9 1047.42 0
731 618.899 1047.42 0
732 618.899 1047.42 0
733 618.901 1047.42 0
734 618.905 1047.42 0
735 618.903 1047.42 0
736 618.903 1047.42 0
737 618.904 1047.42 0
738 618.904 1047.42 0
739 618.905 1047.42 0
740 618.905 1047.42 0
741 618.906 1047.42 0
742 618.907 1047.42 0
743 618.914 1047.43 0
744 618.914 1047.43 0
745 618.913 1047.43 0
746 618.913 1047.43 0
747 618.914 1047.43 0
748 618.917 1047.43 0
749 618.92 1047.43 0
750 618.922 1047.44 0
751 618.924 1047.44 0
752 618.925 1047.44 0
753 618.927 1047.44 0
754 618.929 1047.44 0
755 618.932 1047.44 0
756 618.932 1047.44 0
757 618.92 1047.43 0
758 618.912 1047.43 0
759 618.907 1047.43 0
760 618.904 1047.43 0
761 618.902 1047.42 0
762 618.9 1047.42 0
763 618.898 1047.42 0
764 618.897 1047.42 0
765 618.899 1047.42 0
766 618.904 1047.43 0
767 618.91 1047.43 0
768 618.91 1047.43 0
769 618.909 1047.43 0
770 618.909 1047.43 0
771 618.908 1047.43 0
772 618.908 1047.43 0
773 618.909 1047.43 0
774 618.911 1047.43 0
775 618.913 1047.44 0
776 618.915 1047.44 0
777 618.915 1047.44 0
778 618.915 1047.44 0
779 618.914 1047.44 0
780 618.913 1047.44 0
781 618.91 1047.43 0
782 618.906 1047.43 0
783 618.905 1047.43 0
784 618.906 1047.43 0
785 618.908 1047.43 0
786 618.909 1047.43 0
787 618.909 1047.43 0
788 618.909 1047.43 0
789 618.909 1047.43 0
790 618.908 1047.43 0
791 618.907 1047.43 0
792 618.906 1047.43 0
793 618.906 1047.43 0
794 618.906 1047.43 0
795 618.906 1047.43 0
796 618.907 1047.43 0
797 618.908 1047.43 0
798 618.909 1047.43 0
799 618.909 1047.43 0
800 618.909 1047.43 0
801 618.909 1047.43 0
802 618.909 1047.43 0
803 618.908 1047.43 0
804 618.906 1047.43 0
805 618.904 1047.43 0
806 618.902 1047.42 0
807 618.9 1047.42 0
808 618.899 1047.42 0
809 618.899 1047.42 0
810 618.899 1047.42 0
811 618.899 1047.42 0
812 618.899 1047.42 0
813 618.899 1047.42 0
814 618.898 1047.42 0
815 618.898 1047.42 0
816 618.898 1047.42 0
817 618.898 1047.42 0
818 618.897 1047.42 0
819 618.897 1047.42 0
820 618.897 1047.42 0
821 618.898 1047.42 0
822 618.902 1047.42 0
823 618.906 1047.42 0
824 618.907 1047.42 0
825 618.908 1047.42 0
826 618.909 1047.42 0
827 618.91 1047.42 0
828 618.911 1047.42 0
829 618.915 1047.42 0
830 618.919 1047.42 0
831 618.913 1047.42 0
832 618.909 1047.42 0
833 618.91 1047.43 0
834 618.908 1047.42 0
835 618.905 1047.42 0
836 618.903 1047.42 0
837 618.901 1047.42 0
838 618.9 1047.42 0
839 618.899 1047.42 0
840 618.898 1047.42 0
841 618.899 1047.42 0
842 618.901 1047.42 0
843 618.903 1047.42 0
844 618.904 1047.43 0
845 618.903 1047.42 0
846 618.9 1047.42 0
847 618.895 1047.42 0
848 618.895 1047.42 0
849 618.895 1047.42 0
850 618.894 1047.42 0
851 618.893 1047.41 0
852 618.892 1047.41 0
853 618.893 1047.41 0
854 618.894 1047.42 0
855 618.894 1047.42 0
856 618.895 1047.42 0
857 618.895 1047.42 0
858 618.895 1047.42 0
859 618.895 1047.42 0
860 618.896 1047.42 0
861 618.896 1047.42 0
862 618.896 1047.42 0
863 618.896 1047.42 0
864 618.896 1047.42 0
865 618.896 1047.42 0
866 618.896 1047.42 0
867 618.896 1047.42 0
868 618.896 1047.42 0
869 618.896 1047.42 0
870 618.895 1047.42 0
871 618.895 1047.42 0
872 618.895 1047.42 0
873 618.895 1047.42 0
874 618.894 1047.42 0
875 618.894 1047.42 0
876 618.893 1047.42 0
877 618.892 1047.42 0
878 618.891 1047.41 0
879 618.889 1047.41 0
880 618.887 1047.41 0
881 618.885 1047.41 0
882 618.887 1047.41 0
883 618.891 1047.41 0
884 618.893 1047.42 0
885 618.894 1047.42 0
886 618.896 1047.42 0
887 618.897 1047.42 0
888 618.898 1047.42 0
889 618.899 1047.42 0
890 618.899 1047.42 0
891 618.9 1047.42 0
892 618.899 1047.42 0
893 618.898 1047.42 0
894 618.897 1047.42 0
895 618.897 1047.42 0
896 618.9 1047.42 0
897 618.907 1047.42 0
898 618.918 1047.43 0
899 618.919 1047.43 0
900 618.915 1047.43 0
901 618.913 1047.43 0
902 618.911 1047.43 0
903 618.909 1047.43 0
904 618.908 1047.42 0
905 618.907 1047.42 0
906 618.906 1047.42 0
907 618.905 1047.42 0
908 618.903 1047.42 0
909 618.902 1047.42 0
910 618.9 1047.42 0
911 618.899 1047.42 0
912 618.898 1047.42 0
913 618.896 1047.42 0
914 618.895 1047.41 0
915 618.894 1047.41 0
916 618.894 1047.41 0
917 618.9 1047.42 0
918 618.902 1047.42 0
919 618.903 1047.42 0
920 618.906 1047.43 0
921 618.906 1047.43 0
922 618.903 1047.42 0
923 618.901 1047.42 0
924 618.901 1047.42 0
925 618.901 1047.42 0
926 618.9 1047.42 0
927 618.9 1047.42 0
928 618.898 1047.42 0
929 618.897 1047.42 0
930 618.895 1047.42 0
931 618.897 1047.42 0
932 618.899 1047.42 0
933 618.901 1047.43 0
934 618.913 1047.44 0
935 618.912 1047.44 0
936 618.909 1047.43 0
937 618.904 1047.43 0
938 618.899 1047.42 0
939 618.896 1047.42 0
940 618.896 1047.42 0
941 618.897 1047.42 0
942 618.898 1047.42 0
943 618.9 1047.43 0
944 618.901 1047.43 0
945 618.902 1047.43 0
946 618.902 1047.43 0
947 618.903 1047.43 0
948 618.903 1047.43 0
949 618.904 1047.43 0
950 618.904 1047.43 0
951 618.904 1047.43 0
952 618.905 1047.43 0
953 618.905 1047.43 0
954 618.905 1047.43 0
955 618.905 1047.43 0
956 618.905 1047.43 0
957 618.905 1047.43 0
958 618.905 1047.43 0
959 618.905 1047.43 0
960 618.905 1047.43 0
961 618.905 1047.43 0
962 618.906 1047.43 0
963 618.907 1047.43 0
964 618.912 1047.44 0
965 618.924 1047.44 0
966 618.93 1047.45 0
967 618.929 1047.44 0
968 618.928 1047.44 0
969 618.926 1047.44 0
970 618.925 1047.44 0
971 618.923 1047.44 0
972 618.92 1047.44 0
973 618.914 1047.43 0
974 618.913 1047.43 0
975 618.916 1047.43 0
976 618.916 1047.44 0
977 618.916 1047.44 0
978 618.916 1047.44 0
979 618.916 1047.44 0
980 618.915 1047.44 0
981 618.914 1047.43 0
982 618.911 1047.43 0
983 618.908 1047.43 0
984 618.905 1047.42 0
985 618.904 1047.42 0
986 618.905 1047.43 0
987 618.906 1047.43 0
988 618.906 1047.43 0
989 618.905 1047.43 0
990 618.905 1047.43 0
991 618.903 1047.43 0
992 618.902 1047.42 0
993 618.9 1047.42 0
994 618.907 1047.43 0
995 618.912 1047.44 0
996 618.912 1047.44 0
997 618.912 1047.44 0
998 618.913 1047.44 0
999 618.913 1047.44 0
